case_00152

1

0.6139613116129616
8
[30  6  6]
0.6423298978602798
8
[28  5  5]
0.6498987922342258
9
[27  5  5]
0.6639878306333395
9
[25  5  5]
0.6800670874777854
9
[24  4  4]
0.7049417352547077
9
[23  4  4]
0.7096117583703447
10
[22  4  4]
0.742205146046087
10
[20  4  4]
0.7741491706649526
10
[19  3  3]
0.7698756335025554
11
[18  3  3]
0.7902902040502847
11
[17  3  3]
0.7784184233700064
11
[17  3  3]
0.7843429731148436
12
[16  3  3]
0.8043621132081433
12
[15  3  3]
0.8207305399415987
12
[14  2  2]
0.8306690280167456
13
[13  2  2]
0.8272452999309897
14
[13  2  2]
0.8292805260640974
15
[12  2  2]
0.8307774040642534
16
[11  2  2]
0.8309325549417853

2

0.6139613116129616
8
[30  6  6]
0.6423298978602798
8
[28  5  5]
0.6498987922342258
9
[27  5  5]
0.6639878306333395
9
[25  5  5]
0.6800670874777854
9
[24  4  4]
0.7049417352547077
9
[23  4  4]
0.7096117583703447
10
[22  4  4]
0.742205146046087
10
[20  4  4]
0.7741491706649526
10
[19  3  3]
0.7698756335025554
11
[18  3  3]
0.7902902040502847
11
[17  3  3]
0.7784184233700064
11
[17  3  3]
0.7843429731148436
12
[16  3  3]
0.8043621132081433
12
[15  3  3]
0.8207305399415987
12
[14  2  2]
0.8306690280167456
13
[13  2  2]
0.8272452999309897
14
[13  2  2]
0.8292805260640974
15
[12  2  2]
0.8307774040642534
16
[11  2  2]
0.8309325549417853

3

0.6139613116129616
8
[30  6  6]
0.6423298978602798
8
[28  5  5]
0.6498987922342258
9
[27  5  5]
0.6639878306333395
9
[25  5  5]
0.6800670874777854
9
[24  4  4]
0.7049417352547077
9
[23  4  4]
0.7096117583703447
10
[22  4  4]
0.742205146046087
10
[20  4  4]
0.7741491706649526
10
[19  3  3]
0.7698756335025554
11
[18  3  3]
0.7902902040502847
11
[17  3  3]
0.7784184233700064
11
[17  3  3]
0.7843429731148436
12
[16  3  3]
0.8043621132081433
12
[15  3  3]
0.8207305399415987
12
[14  2  2]
0.8306690280167456
13
[13  2  2]
0.8272452999309897
14
[13  2  2]
0.8292805260640974
15
[12  2  2]
0.8307774040642534
16
[11  2  2]
0.8309325549417853

4

0.6139613116129616
8
[30  6  6]
0.6423298978602798
8
[28  5  5]
0.6498987922342258
9
[27  5  5]
0.6639878306333395
9
[25  5  5]
0.6800670874777854
9
[24  4  4]
0.7049417352547077
9
[23  4  4]
0.7096117583703447
10
[22  4  4]
0.742205146046087
10
[20  4  4]
0.7741491706649526
10
[19  3  3]
0.7698756335025554
11
[18  3  3]
0.7902902040502847
11
[17  3  3]
0.7784184233700064
11
[17  3  3]
0.7843429731148436
12
[16  3  3]
0.8043621132081433
12
[15  3  3]
0.8207305399415987
12
[14  2  2]
0.8306690280167456
13
[13  2  2]
0.8272452999309897
14
[13  2  2]
0.8292805260640974
15
[12  2  2]
0.8307774040642534
16
[11  2  2]
0.8309325549417853

5

0.6139613116129616
8
[30  6  6]
0.6423298978602798
8
[28  5  5]
0.6498987922342258
9
[27  5  5]
0.6639878306333395
9
[25  5  5]
0.6800670874777854
9
[24  4  4]
0.7049417352547077
9
[23  4  4]
0.7096117583703447
10
[22  4  4]
0.742205146046087
10
[20  4  4]
0.7741491706649526
10
[19  3  3]
0.7698756335025554
11
[18  3  3]
0.7902902040502847
11
[17  3  3]
0.7784184233700064
11
[17  3  3]
0.7843429731148436
12
[16  3  3]
0.8043621132081433
12
[15  3  3]
0.8207305399415987
12
[14  2  2]
0.8306690280167456
13
[13  2  2]
0.8272452999309897
14
[13  2  2]
0.8292805260640974
15
[12  2  2]
0.8307774040642534
16
[11  2  2]
0.8309325549417853

6

0.6139613116129616
8
[30  6  6]
0.6423298978602798
8
[28  5  5]
0.6498987922342258
9
[27  5  5]
0.6639878306333395
9
[25  5  5]
0.6800670874777854
9
[24  4  4]
0.7049417352547077
9
[23  4  4]
0.7096117583703447
10
[22  4  4]
0.742205146046087
10
[20  4  4]
0.7741491706649526
10
[19  3  3]
0.7698756335025554
11
[18  3  3]
0.7902902040502847
11
[17  3  3]
0.7784184233700064
11
[17  3  3]
0.7843429731148436
12
[16  3  3]
0.8043621132081433
12
[15  3  3]
0.8207305399415987
12
[14  2  2]
0.8306690280167456
13
[13  2  2]
0.8272452999309897
14
[13  2  2]
0.8292805260640974
15
[12  2  2]
0.8307774040642534
16
[11  2  2]
0.8309325549417853

7

0.6139613116129616
8
[30  6  6]
0.6423298978602798
8
[28  5  5]
0.6498987922342258
9
[27  5  5]
0.6639878306333395
9
[25  5  5]
0.6800670874777854
9
[24  4  4]
0.7049417352547077
9
[23  4  4]
0.7096117583703447
10
[22  4  4]
0.742205146046087
10
[20  4  4]
0.7741491706649526
10
[19  3  3]
0.7698756335025554
11
[18  3  3]
0.7902902040502847
11
[17  3  3]
0.7784184233700064
11
[17  3  3]
0.7843429731148436
12
[16  3  3]
0.8043621132081433
12
[15  3  3]
0.8207305399415987
12
[14  2  2]
0.8306690280167456
13
[13  2  2]
0.8272452999309897
14
[13  2  2]
0.8292805260640974
15
[12  2  2]
0.8307774040642534
16
[11  2  2]
0.8309325549417853

8

0.6139613116129616
8
[30  6  6]
0.6423298978602798
8
[28  5  5]
0.6498987922342258
9
[27  5  5]
0.6639878306333395
9
[25  5  5]
0.6800670874777854
9
[24  4  4]
0.7049417352547077
9
[23  4  4]
0.7096117583703447
10
[22  4  4]
0.742205146046087
10
[20  4  4]
0.7741491706649526
10
[19  3  3]
0.7698756335025554
11
[18  3  3]
0.7902902040502847
11
[17  3  3]
0.7784184233700064
11
[17  3  3]
0.7843429731148436
12
[16  3  3]
0.8043621132081433
12
[15  3  3]
0.8207305399415987
12
[14  2  2]
0.8306690280167456
13
[13  2  2]
0.8272452999309897
14
[13  2  2]
0.8292805260640974
15
[12  2  2]
0.8307774040642534
16
[11  2  2]
0.8309325549417853

9

0.6139613116129616
8
[30  6  6]
0.6423298978602798
8
[28  5  5]
0.6498987922342258
9
[27  5  5]
0.6639878306333395
9
[25  5  5]
0.6800670874777854
9
[24  4  4]
0.7049417352547077
9
[23  4  4]
0.7096117583703447
10
[22  4  4]
0.742205146046087
10
[20  4  4]
0.7741491706649526
10
[19  3  3]
0.7698756335025554
11
[18  3  3]
0.7902902040502847
11
[17  3  3]
0.7784184233700064
11
[17  3  3]
0.7843429731148436
12
[16  3  3]
0.8043621132081433
12
[15  3  3]
0.8207305399415987
12
[14  2  2]
0.8306690280167456
13
[13  2  2]
0.8272452999309897
14
[13  2  2]
0.8292805260640974
15
[12  2  2]
0.8307774040642534
16
[11  2  2]
0.8309325549417853

10

0.6139613116129616
8
[30  6  6]
0.6423298978602798
8
[28  5  5]
0.6498987922342258
9
[27  5  5]
0.6639878306333395
9
[25  5  5]
0.6800670874777854
9
[24  4  4]
0.7049417352547077
9
[23  4  4]
0.7096117583703447
10
[22  4  4]
0.742205146046087
10
[20  4  4]
0.7741491706649526
10
[19  3  3]
0.7698756335025554
11
[18  3  3]
0.7902902040502847
11
[17  3  3]
0.7784184233700064
11
[17  3  3]
0.7843429731148436
12
[16  3  3]
0.8043621132081433
12
[15  3  3]
0.8207305399415987
12
[14  2  2]
0.8306690280167456
13
[13  2  2]
0.8272452999309897
14
[13  2  2]
0.8292805260640974
15
[12  2  2]
0.8307774040642534
16
[11  2  2]
0.8309325549417853